[45926320819, 'Conservador', (5800.0, 4000.0, 1200.0, 200.0)]
[52559670741, 'Conservador', (5700.0, 4400.0, 1500.0, 400.0)]
[59016004832, 'Conservador', (5400.0, 3900.0, 1300.0, 400.0)]
[66175672425, 'Conservador', (5100.0, 3500.0, 1400.0, 300.0)]
[53330429526, 'Conservador', (5700.0, 3800.0, 1700.0, 300.0)]
[43765563403, 'Conservador', (5100.0, 3800.0, 1500.0, 300.0)]
[68020822591, 'Conservador', (5400.0, 3400.0, 1700.0, 200.0)]
[53939481689, 'Conservador', (5100.0, 3700.0, 1500.0, 400.0)]
[47014057561, 'Conservador', (4600.0, 3600.0, 1000.0, 200.0)]
[57183542047, 'Conservador', (5100.0, 3300.0, 1700.0, 500.0)]
[68518284363, 'Moderado', (5000.0, 2000.0, 3500.0, 1000.0)]
[65806049885, 'Moderado', (5900.0, 3000.0, 4200.0, 1500.0)]
[54128073086, 'Moderado', (6000.0, 2200.0, 4000.0, 1000.0)]
[41306785494, 'Moderado', (6100.0, 2900.0, 4700.0, 1400.0)]
[65234831039, 'Moderado', (5600.0, 2900.0, 3600.0, 1300.0)]
[50964498067, 'Moderado', (6700.0, 3100.0, 4400.0, 1400.0)]
[50810951429, 'Moderado', (5600.0, 3000.0, 4500.0, 1500.0)]
[48765044397, 'Moderado', (5800.0, 2700.0, 4100.0, 1000.0)]
[41960083761, 'Moderado', (6200.0, 2200.0, 4500.0, 1500.0)]
[76657763082, 'Moderado', (5600.0, 2500.0, 3900.0, 1100.0)]
[64726487742, 'Agressivo', (6500.0, 3200.0, 5100.0, 2000.0)]
[75746566283, 'Agressivo', (6400.0, 2700.0, 5300.0, 1900.0)]
[78576734793, 'Agressivo', (6800.0, 3000.0, 5500.0, 2100.0)]
[56440141847, 'Agressivo', (5700.0, 2500.0, 5000.0, 2000.0)]
[66827423000, 'Agressivo', (5800.0, 2800.0, 5100.0, 2400.0)]
[45267873396, 'Agressivo', (6400.0, 3200.0, 5300.0, 2300.0)]
[46387191493, 'Agressivo', (6500.0, 3000.0, 5500.0, 1800.0)]
[54273611732, 'Agressivo', (7700.0, 3800.0, 6700.0, 2200.0)]
[75135392881, 'Agressivo', (7700.0, 2600.0, 6900.0, 2300.0)]
[64703873108, 'Moderado', (6000.0, 2200.0, 5000.0, 1500.0)]
